130521 21 24
130522 24 29
130524 26 32
130525 36 47
130526 37 48
130527 44 59
130528 53 70
130530 55 73
130601 55 74
130602 65 84
130604 69 88
130605 70 89
130608 79 100
130610 80 101
130611 85 106
130613 91 115
130614 93 117
130615 101 127
130616 108 135
130617 109 138
130618 110 141
130622 114 151
130625 120 160
130626 120 161
130627 126 172
130628 129 180
130701 133 186
130705 135 189
130706 135 190
130709 135 191
130713 139 205
130724 143 214
130727 145 219
130728 146 223
130729 150 229
130806 157 254
130807 159 259
130808 160 262
130810 163 267
130811 168 273
130816 171 279
130817 174 285
130819 174 287
130820 175 292
130827 180 305
130828 184 315
130829 189 328
130830 189 329
130831 192 339
130902 198 348
130903 203 364
130905 206 376
130906 213 395
130908 215 400
130909 217 405
130910 223 419
130911 226 426
130912 233 437
130913 235 443
130914 238 452
130915 244 460
130916 247 466
130917 250 472
130918 251 473
130919 257 497
130920 259 515
130921 260 518
130922 265 530
130923 269 549
130924 271 556
130925 277 569
130926 280 580
130927 285 593
130928 287 597
130929 289 603
130930 293 617
131001 296 624
131002 299 631
131003 304 642
131004 310 655
131005 312 660
131006 315 666
131007 317 674
131008 321 681
131009 323 688
131010 326 697
131011 330 706
131012 332 711
131014 336 717
131015 338 722
131016 341 730
131017 343 741
131018 346 748
131019 349 756
131020 353 769
131021 355 776
131022 358 785
131023 360 792
131024 365 804
131025 367 810
131026 368 819
131027 369 822
131028 371 829
131029 373 836
131030 378 845
131031 381 852
131101 384 863
131102 387 872
131103 391 884
131104 395 894
131105 397 904
131106 399 909
131107 401 916
131108 404 924
131109 407 932
131110 411 941
131111 413 952
131112 415 960
131113 418 967
131114 420 974
131115 425 984
131116 428 994
131117 432 1002
131118 435 1011
131119 437 1019
131120 441 1026
131121 445 1036
131122 448 1045
131123 452 1054
131124 455 1061
131125 459 1070
131126 461 1076
131127 464 1085
131128 467 1092
131129 471 1101
131130 475 1108
131201 478 1115
131202 481 1121
131203 483 1130
131204 487 1137
131205 491 1145
131206 493 1152
131207 496 1159
131208 499 1166
131209 501 1175
131210 504 1185
131211 507 1191
131212 510 1200
131213 512 1211
131214 515 1221
131215 517 1230
131216 520 1241
131217 524 1252
131218 527 1260
131219 529 1269
131220 532 1280
131221 536 1291
131223 542 1307
131224 542 1308
131225 547 1329
131226 551 1339
131227 554 1349
131228 557 1361
131229 560 1369
131230 565 1379
131231 568 1388
140101 571 1403
140102 574 1414
140103 578 1424
140104 581 1437
140105 584 1449
140106 588 1460
140107 590 1469
140108 593 1477
140109 596 1482
140110 599 1492
140111 602 1502
140112 606 1512
140113 607 1513
140114 613 1526
140115 616 1532
140116 618 1542
140117 623 1551
140118 626 1560
140119 629 1572
140120 633 1583
140121 636 1590
140123 642 1603
140124 646 1612
140126 651 1626
140127 653 1629
140129 656 1640
140130 659 1647
140131 662 1654
140201 666 1662
140202 669 1670
140203 673 1682
140204 677 1694
140205 680 1704
140206 684 1712
140207 686 1724
140208 689 1733
140209 692 1741
140210 696 1750
140211 700 1759
140212 703 1771
140213 706 1780
140214 709 1791
140215 712 1801
140216 715 1811
140217 718 1818
140218 722 1827
140219 725 1835
140220 730 1845
140221 734 1858
140222 737 1869
140224 743 1889
140225 746 1899
140226 749 1910
140227 752 1922
140228 755 1934
140301 758 1947
140302 761 1955
140303 763 1961
140304 765 1967
140305 767 1969
140306 770 1975
140307 773 1983
140308 776 1990
140309 779 1993
140310 781 1998
140311 784 2004
140312 787 2013
140313 790 2019
140314 793 2025
140315 797 2037
140316 800 2044
140317 802 2047
140318 805 2054
140319 807 2060
140320 809 2066
140321 811 2071
140322 814 2082
140323 817 2093
140324 818 2095
140326 821 2099
140327 824 2107
140328 827 2116
140329 831 2124
140330 832 2130
140331 834 2138
140402 838 2143
140403 840 2149
140404 842 2151
140405 845 2158
140409 846 2164
140410 848 2170
140412 851 2176
140413 854 2183
140414 857 2187
140415 858 2189
140416 860 2193
140418 864 2199
140419 866 2203
140420 868 2209
140421 871 2215
140423 873 2223
140424 877 2236
140425 878 2238
140426 882 2246
140427 884 2253
140429 887 2259
140501 887 2260
140502 891 2272
140503 896 2285
140504 900 2294
140505 901 2298
140507 905 2307
140510 911 2319
140511 915 2328
140512 917 2336
140513 919 2345
140514 922 2352
140515 924 2358
140516 925 2361
140517 929 2372
140518 933 2382
140519 934 2390
140522 936 2394
140525 940 2408
140526 942 2412
140528 943 2413
140529 946 2430
140531 949 2443
140601 951 2448
140602 954 2458
140604 957 2468
140605 958 2470
140607 962 2478
140613 965 2488
140614 969 2498
140615 972 2510
140617 975 2517
140618 977 2519
140619 982 2531
140620 985 2539
140621 989 2542
140622 992 2554
140623 995 2562
140625 998 2571
140627 1001 2580
140628 1005 2589
140629 1008 2599
140702 1011 2607
140703 1014 2613
140704 1015 2615
140705 1018 2625
140706 1021 2631
140707 1024 2640
140709 1027 2647
140711 1031 2657
140712 1035 2666
140713 1039 2675
140714 1042 2685
140716 1046 2694
140718 1050 2702
140719 1053 2714
140720 1056 2723
140721 1059 2730
140723 1062 2737
140725 1066 2747
140726 1070 2757
140727 1074 2768
140728 1076 2776
140729 1079 2783
140730 1081 2790
140731 1084 2800
140801 1086 2807
140802 1088 2821
140803 1091 2832
140804 1093 2838
140805 1097 2846
140806 1100 2856
140807 1102 2866
140808 1105 2874
140809 1108 2886
140810 1112 2897
140811 1115 2906
140812 1117 2912
140813 1120 2921
140814 1123 2930
140815 1126 2937
140816 1129 2947
140817 1132 2955
140818 1135 2962
140819 1138 2969
140821 1141 2977
140822 1143 2985
140823 1147 2996
140824 1150 3005
140825 1152 3014
140826 1155 3026
140827 1156 3027
140828 1162 3045
140829 1165 3054
140830 1169 3063
140831 1172 3074
140901 1175 3083
140902 1178 3092
140903 1181 3102
140904 1184 3110
140905 1186 3118
140906 1189 3126
140907 1193 3136
140908 1196 3147
140909 1199 3157
140910 1202 3165
140911 1205 3175
140912 1208 3185
140913 1212 3195
140914 1215 3202
140915 1218 3209
140916 1221 3218
140917 1224 3223
140918 1227 3231
140919 1230 3238
140921 1235 3251
140922 1238 3260
140923 1241 3270
140924 1243 3278
140925 1246 3287
140926 1250 3298
140927 1253 3305
140928 1255 3313
140929 1258 3322
140930 1262 3333
141002 1265 3343
141003 1268 3353
141004 1271 3363
141005 1277 3373
141006 1280 3380
141007 1283 3388
141008 1285 3397
141009 1288 3407
141010 1291 3416
141011 1295 3426
141012 1298 3435
141013 1301 3443
141014 1304 3451
141015 1307 3460
141016 1309 3467
141017 1311 3476
141018 1314 3487
141019 1317 3494
141020 1320 3500
141021 1322 3505
141022 1324 3515
141023 1327 3523
141024 1329 3529
141025 1332 3537
141027 1335 3545
141028 1338 3551
141029 1341 3560
141030 1344 3567
141031 1347 3573
141101 1350 3579
141102 1353 3585
141103 1356 3592
141104 1359 3599
141105 1362 3604
141106 1365 3613
141107 1368 3621
141108 1371 3629
141109 1374 3638
141110 1376 3642
141111 1379 3649
141112 1382 3654
141113 1385 3660
141114 1388 3664
141115 1391 3670
141116 1394 3680
141117 1397 3687
141118 1400 3696
141119 1402 3700
141120 1406 3715
141121 1409 3720
141122 1411 3728
141123 1414 3734
141124 1417 3742
141125 1419 3749
141126 1422 3756
141127 1425 3765
141128 1428 3773
141129 1431 3779
141130 1434 3787
141201 1437 3796
141202 1440 3803
141203 1443 3810
141204 1446 3819
141205 1448 3824
141206 1450 3830
141207 1453 3834
141208 1456 3838
141209 1459 3844
141210 1462 3853
141211 1464 3858
141212 1467 3864
141213 1470 3868
141214 1473 3875
141215 1476 3881
141216 1480 3890
141217 1483 3898
141218 1486 3907
141219 1489 3914
141220 1492 3920
141221 1495 3930
141222 1498 3935
141223 1501 3940
141224 1504 3947
141225 1507 3955
141226 1510 3962
141227 1513 3971
141229 1516 3978
141230 1519 3988
141231 1522 3995
150101 1525 4004
150102 1527 4007
150103 1530 4015
150104 1533 4022
150105 1535 4029
150106 1538 4036
150107 1541 4044
150108 1544 4048
150109 1546 4052
150111 1552 4064
150112 1555 4072
150113 1558 4081
150114 1561 4088
150115 1564 4097
150116 1567 4104
150117 1570 4109
150118 1573 4114
150119 1576 4119
150120 1579 4126
150121 1582 4131
150122 1585 4139
150123 1588 4147
150124 1591 4152
150125 1594 4159
150126 1597 4164
150127 1600 4172
150128 1603 4179
150129 1606 4184
150130 1609 4193
150131 1612 4199
150201 1615 4205
150202 1618 4212
150203 1621 4218
150204 1624 4221
150205 1627 4228
150206 1629 4235
150207 1632 4240
150208 1635 4246
150209 1638 4254
150212 1641 4259
150213 1643 4266
150214 1646 4273
150215 1648 4285
150217 1650 4294
150218 1653 4304
150219 1655 4310
150220 1658 4316
150221 1660 4321
150222 1662 4325
150223 1663 4329
150226 1666 4336
150227 1669 4343
150228 1672 4351
150301 1675 4358
150302 1678 4366
150304 1681 4376
150305 1684 4384
150306 1686 4395
150307 1688 4398
150309 1690 4407
150310 1693 4414
150311 1696 4423
150312 1698 4428
150313 1700 4432
150314 1703 4436
150315 1705 4443
150316 1708 4451
150317 1711 4456
150318 1714 4461
150319 1717 4467
150320 1719 4474
150321 1722 4480
150322 1724 4487
150323 1726 4495
150324 1728 4500
150326 1732 4509
150327 1735 4515
150328 1738 4522
150329 1741 4527
150330 1744 4534
150331 1747 4540
150401 1750 4547
150402 1753 4554
150403 1756 4561
150404 1758 4571
150405 1761 4576
150406 1764 4582
150407 1768 4589
150408 1771 4594
150409 1774 4598
150410 1777 4605
150411 1780 4612
150412 1783 4619
150413 1786 4627
150414 1789 4631
150415 1792 4641
150416 1795 4649
150417 1798 4657
150418 1802 4663
150420 1802 4671
150421 1803 4677
150422 1805 4682
150423 1805 4688
150424 1806 4694
150425 1809 4701
150426 1811 4707
150427 1814 4714
150428 1814 4718
150429 1817 4725
150430 1819 4731
150501 1821 4738
150502 1823 4744
150503 1826 4752
150504 1828 4757
150505 1830 4765
150506 1833 4769
150507 1835 4775
150509 1835 4780
150510 1835 4783
150512 1836 4787
150513 1839 4793
150514 1840 4803
150515 1842 4807
150516 1842 4812
150517 1845 4818
150518 1846 4824
150519 1847 4826
150520 1848 4831
150521 1850 4838
150522 1851 4845
150523 1851 4846
150525 1852 4856
150526 1854 4858
150527 1858 4863
150528 1861 4872
150529 1863 4880
150530 1866 4887
150601 1866 4892
150604 1866 4896
150605 1866 4899
150606 1867 4903
150608 1867 4908
150609 1867 4912
150611 1868 4915
150613 1868 4920
150614 1869 4924
150617 1871 4928
150620 1871 4932
150621 1871 4938
150623 1871 4942
150624 1874 4949
150625 1874 4952
150626 1874 4955
150627 1877 4963
150630 1877 4969
150702 1877 4974
150705 1877 4977
150708 1877 4981
150709 1877 4983
150711 1878 4988
150712 1878 4993
150715 1879 4997
150719 1880 5001
150720 1880 5004
150723 1880 5010
150724 1881 5013
150729 1883 5022
150731 1883 5029
150801 1887 5038
150802 1890 5046
150804 1890 5052
150806 1893 5059
150808 1896 5067
150810 1899 5073
150811 1902 5081
150814 1905 5090
150817 1906 5093
150818 1908 5099
150825 1908 5108
150827 1908 5116
150830 1908 5122
150901 1910 5130
150902 1911 5136
150905 1914 5144
150918 1914 5155
150921 1915 5158
150923 1916 5161
150929 1917 5166
151005 1917 5174
151012 1917 5178
151014 1917 5181
151020 1917 5187
151022 1917 5188
151028 1919 5193
151107 1922 5201
151118 1925 5211
151125 1926 5222
151205 1927 5230
151214 1931 5235
160110 1932 5246
160121 1932 5251
160122 1936 5260
160127 1936 5267
160128 1938 5274
160202 1938 5283
160213 1939 5297
160214 1939 5301
160215 1939 5311
160217 1941 5318
160222 1941 5328
160223 1941 5331
160319 1942 5341
160330 1943 5357
160412 1945 5371
160427 1950 5384
160429 1952 5395
160503 1954 5402
160508 1954 5413
160513 1955 5423
160528 1957 5431
160604 1957 5440
160614 1958 5451
160622 1960 5466
160628 1962 5476
160701 1964 5484
160716 1966 5494
160825 1967 5504
160921 1970 5519
160927 1973 5534
160928 1976 5544
161004 1980 5549
161006 1981 5561
161022 1983 5569
161030 1983 5572
161031 1983 5573
161101 1985 5583
161108 1986 5595
161113 1988 5606
161115 1988 5613
161127 1988 5623
161204 1992 5634
161210 1995 5644
161212 2001 5656
161229 2001 5668
170105 2002 5681
170130 2002 5683
170224 2004 5705
170302 2005 5715
170317 2005 5727
170429 2008 5734
170501 2008 5750
170504 2008 5752
170509 2008 5762
170521 2008 5770
170605 2011 5785
170608 2011 5789
170619 2013 5799
170731 2013 5800
170821 2014 5815
170823 2015 5825
170827 2016 5832
170905 2016 5838
170907 2017 5844
170909 2017 5845
170912 2020 5852
170920 2020 5857
170925 2020 5864
170928 2021 5868
171004 2022 5875
171012 2023 5885
171015 2023 5886
171128 2023 5896
171201 2023 5903
171205 2023 5910
171214 2023 5912
171227 2023 5918
180106 2023 5923
180113 2023 5931
180114 2023 5932
180130 2023 5942
180213 2023 5948
180224 2023 5949
180306 2023 5955
180315 2025 5964
180327 2025 5973
180408 2029 5985
180417 2029 5990
180501 2030 6001
180509 2032 6009
180510 2032 6014
180530 2033 6023
180609 2035 6031
180702 2035 6043
180717 2037 6053
180730 2037 6055
180731 2037 6057
180806 2037 6063
180808 2037 6067
180814 2038 6071
180818 2038 6075
180819 2039 6077
180823 2039 6078
180902 2039 6082
180909 2039 6089
180915 2041 6094
180922 2041 6099
180930 2041 6105
181017 2041 6106
181110 2043 6114
181111 2043 6116
181124 2046 6127
181208 2048 6137
181209 2048 6140
190103 2048 6141
190203 2051 6150
190509 2052 6160
190519 2052 6170
190521 2052 6177
190524 2056 6197
190604 2058 6205
190611 2060 6215
190617 2060 6226
190627 2063 6236
190701 2066 6242
190707 2067 6248
190710 2070 6254
190717 2070 6261
190719 2071 6265
190721 2071 6266
190722 2071 6270
190724 2075 6280
190730 2075 6285
190801 2075 6287
190803 2077 6292
190807 2077 6293
190811 2077 6305
190818 2079 6316
190824 2081 6326
190825 2081 6331
190828 2085 6340
190901 2086 6343
190902 2087 6347
190907 2089 6351
190914 2091 6359
190915 2094 6366
190921 2096 6374
190922 2098 6379
190928 2101 6389
191012 2101 6400
191023 2101 6407
200712 2102 6409
200726 2102 6410
201231 2109 6430
210101 2110 6433
210102 2112 6435
210109 2115 6442
210110 2115 6447
210116 2115 6454
210117 2116 6456
210123 2120 6469
210131 2120 6479
210206 2121 6488
210207 2121 6489
210214 2122 6498
210220 2122 6503
210227 2122 6508
210313 2122 6513
210328 2122 6513
